1 1
2 1
3 1
4 1
5 1
6 1
7 1
8 1
9 1
10 1
11 1
12 1
13 1
14 1
15 1
16 1
17 1
18 1
19 1
20 1
21 1
22 1
23 1
24 1
25 1
26 1
27 1
28 1
29 1
30 1
31 1
32 1
33 1
34 1
35 1
36 1
37 1
38 1
39 1
40 1
41 1
42 1
43 1
44 1
45 2
46 2
47 2
48 2
49 2
50 2
51 2
52 2
53 2
54 2
55 2
56 2
57 2
58 2
59 2
60 2
61 2
62 2
63 2
64 2
65 2
66 2
67 2
68 2
69 2
70 2
71 2
72 2
73 2
74 2
75 2
76 2
77 2
78 2
79 2
80 2
81 2
82 2
83 2
84 2
85 2
86 2
87 2
88 2
89 2
90 2
91 2
92 2
93 2
94 2
95 2
96 2
97 2
98 2
99 2
100 2
101 2
102 2
103 2
104 2
105 3
106 3
107 3
108 3
109 3
110 3
111 3
112 3
113 3
114 3
115 4
116 4
117 4
118 4
119 4
120 4
121 4
122 4
123 4
124 4
125 4
126 4
127 4
128 4
129 5
130 5
131 5
132 5
133 5
134 5
135 5
136 5
137 5
138 5
139 5
140 5
141 5
142 5
143 5
144 5
145 5
146 5
147 5
148 5
149 5
150 5
151 5
152 5
153 5
154 5
155 5
156 5
157 5
158 5
159 5
160 5
161 5
162 5
163 5
164 5
165 5
166 5
167 5
168 5
169 5
170 5
171 5
172 5
173 5
174 5
175 5
176 5
177 5
178 5
179 5
180 5
181 5
182 5
183 5
184 5
185 5
186 5
187 5
188 5
189 6
190 6
191 6
192 6
193 6
194 6
195 6
196 6
197 6
198 6
199 6
200 6
201 6
202 6
203 6
204 6
205 6
206 6
207 6
208 6
209 7
210 7
211 7
212 7
213 7
214 7
215 7
216 7
217 7
218 7
219 7
220 7
221 7
222 7
223 7
224 7
225 7
226 7
227 7
228 7
229 7
230 7
231 7
232 7
233 7
234 7
235 7
236 7
237 7
238 7
239 7
240 7
241 7
242 7
243 7
244 7
245 7
246 7
247 7
248 7
249 7
250 7
251 7
252 7
253 7
254 7
255 7
256 7
257 7
258 7
259 7
260 7
261 7
262 7
263 7
264 7
265 7
266 7
267 7
268 7
269 8
270 8
271 8
272 8
273 8
274 8
275 8
276 8
277 8
278 8
279 8
280 8
281 8
282 8
283 8
284 8
285 8
286 8
287 8
288 8
289 8
290 8
291 8
292 8
293 8
294 8
295 8
296 8
297 8
298 8
299 8
300 8
301 8
302 8
303 8
304 8
305 8
306 8
307 8
308 8
309 8
310 8
311 8
312 8
313 8
314 8
315 8
316 8
317 8
318 8
319 8
320 8
321 8
322 8
323 8
324 8
325 8
326 8
327 8
328 8
329 9
330 9
331 9
332 9
333 9
334 9
335 9
336 9
337 9
338 9
339 9
340 9
341 9
342 9
343 9
344 9
345 9
346 9
347 9
348 9
349 9
350 10
351 10
352 10
353 10
354 10
355 10
356 10
357 10
358 10
359 10
360 10
361 10
362 10
363 10
364 10
365 10
366 10
367 10
368 10
369 10
370 10
371 10
372 10
373 10
374 10
375 10
376 10
377 10
378 10
379 10
380 10
381 10
382 10
383 10
384 10
385 10
386 10
387 10
388 10
389 10
390 10
391 10
392 10
393 10
394 10
395 11
396 11
397 11
398 11
399 11
400 11
401 11
402 11
403 11
404 11
405 11
406 11
407 11
408 11
409 12
410 12
411 12
412 12
413 12
414 12
415 12
416 12
417 12
418 12
419 12
420 12
421 12
422 12
423 12
424 12
425 12
426 12
427 12
428 12
429 12
430 12
431 12
432 12
433 12
434 12
435 12
436 12
437 12
438 12
439 12
440 12
441 12
442 12
443 12
444 12
445 12
446 12
447 12
448 12
449 12
450 12
451 12
452 12
453 12
454 12
455 12
456 12
457 12
458 12
459 12
460 12
461 12
462 12
463 12
464 12
465 12
466 12
467 12
468 12
469 13
470 13
471 13
472 13
473 13
474 13
475 13
476 13
477 13
478 13
479 13
480 13
481 13
482 13
483 13
484 13
485 13
486 13
487 13
488 13
489 13
490 13
491 13
492 13
493 13
494 13
495 13
496 13
497 13
498 13
499 13
500 13
501 13
502 13
503 13
504 13
505 13
506 13
507 13
508 13
509 13
510 13
511 13
512 13
513 13
514 13
515 13
516 13
517 13
518 13
519 13
520 13
521 13
522 13
523 13
524 13
525 13
526 13
527 13
528 13
529 14
530 14
531 14
532 14
533 14
534 14
535 14
536 14
537 14
538 14
539 14
540 14
541 14
542 14
543 14
544 14
545 14
546 14
547 14
548 14
549 14
550 14
551 14
552 14
553 14
554 14
555 14
556 14
557 14
558 14
559 14
560 14
561 14
562 14
563 14
564 14
565 14
566 14
567 14
568 14
569 14
570 15
571 15
572 15
573 15
574 15
575 15
576 15
577 15
578 15
579 15
580 15
581 15
582 15
583 15
584 15
585 15
586 15
587 15
588 15
589 15
590 15
591 15
592 15
593 15
594 15
595 15
596 15
597 15
598 15
599 15
600 15
601 15
602 15
603 15
604 15
605 15
606 15
607 15
608 15
609 15
610 15
611 15
612 15
613 15
614 15
615 15
616 15
617 15
618 15
619 15
620 15
621 15
622 15
623 15
624 15
625 16
626 16
627 16
628 16
629 16
630 16
631 16
632 16
633 16
634 16
635 16
636 16
637 16
638 16
639 16
640 16
641 16
642 16
643 16
644 16
645 16
646 16
647 16
648 16
649 16
650 16
651 16
652 16
653 16
654 16
655 16
656 16
657 16
658 16
659 16
660 16
661 16
662 16
663 16
664 16
665 16
666 16
667 16
668 16
669 17
670 17
671 17
672 17
673 17
674 17
675 17
676 17
677 17
678 17
679 17
680 17
681 17
682 18
683 18
684 18
685 18
686 18
687 18
688 18
689 18
690 18
691 18
692 18
693 18
694 18
695 18
696 18
697 18
698 18
699 18
700 18
701 18
702 18
703 18
704 18
705 18
706 18
707 18
708 18
709 18
710 18
711 18
712 18
713 18
714 18
715 18
716 18
717 18
718 18
719 18
720 18
721 18
722 18
723 18
724 18
725 19
726 19
727 19
728 19
729 19
730 19
731 19
732 19
733 19
734 19
735 19
736 19
737 19
738 19
739 19
740 19
741 20
742 20
743 20
744 20
745 20
746 20
747 20
748 20
749 20
750 20
751 20
752 21
753 21
754 21
755 21
756 21
757 21
758 21
759 21
760 21
761 21
762 21
763 21
764 21
765 21
766 21
767 21
768 21
769 21
770 21
771 21
772 21
773 21
774 21
775 21
776 21
777 21
778 21
779 21
780 21
781 21
782 21
783 21
784 21
785 21
786 21
787 21
788 21
789 21
790 21
791 21
792 21
793 21
794 21
795 21
796 21
797 21
798 21
799 21
800 21
801 21
802 21
803 21
804 21
805 21
806 21
807 21
808 21
809 21
810 21
811 21
812 22
813 22
814 22
815 22
816 22
817 22
818 22
819 22
820 22
821 22
822 22
823 22
824 22
825 22
826 22
827 22
828 22
829 22
830 22
831 22
832 22
833 22
834 22
835 22
836 22
837 22
838 22
839 22
840 22
841 22
842 22
843 22
844 22
845 22
846 23
847 23
848 23
849 23
850 23
851 23
852 23
853 23
854 23
855 23
856 23
857 23
858 23
859 23
860 23
861 23
862 23
863 24
864 24
865 24
866 24
867 24
868 24
869 24
870 24
871 24
872 24
873 24
874 24
875 24
876 25
877 25
878 25
879 25
880 25
881 25
882 25
883 25
884 25
885 25
886 25
887 25
888 25
889 25
890 25
891 25
892 25
893 25
894 25
895 25
896 25
897 25
898 25
899 25
900 25
901 25
902 25
903 25
904 25
905 25
906 25
907 25
908 25
909 25
910 25
911 25
912 25
913 25
914 25
915 25
916 25
917 25
918 25
919 25
920 25
921 25
922 25
923 25
924 25
925 25
926 25
927 25
928 25
929 25
930 25
931 25
932 25
933 25
934 25
935 26
936 26
937 26
938 26
939 26
940 26
941 26
942 26
943 26
944 26
945 26
946 26
947 26
948 26
949 26
950 26
951 26
952 26
953 26
954 26
955 26
956 26
957 26
958 26
959 26
960 26
961 26
962 26
963 26
964 26
965 26
966 26
967 26
968 26
969 26
970 26
971 26
972 26
973 26
974 26
975 26
976 26
977 26
978 26
979 26
980 26
981 26
982 26
983 26
984 26
985 26
986 26
987 26
988 26
989 26
990 26
991 26
992 26
993 26
994 26
995 27
996 27
997 27
998 27
999 27
1000 27
1001 27
1002 27
1003 27
1004 27
1005 27
1006 27
1007 27
1008 27
1009 27
1010 27
1011 27
1012 27
1013 27
1014 27
1015 27
1016 27
1017 27
1018 27
1019 27
1020 27
1021 27
1022 27
1023 27
1024 27
1025 27
1026 27
1027 27
1028 27
1029 27
1030 27
1031 27
1032 27
1033 27
1034 27
1035 27
1036 27
1037 27
1038 27
1039 27
1040 27
1041 27
1042 27
1043 27
1044 27
1045 27
1046 27
1047 27
1048 27
1049 27
1050 27
1051 27
1052 27
1053 27
1054 28
1055 28
1056 28
1057 28
1058 28
1059 28
1060 28
1061 28
1062 28
1063 28
1064 28
1065 28
1066 28
1067 28
1068 28
1069 28
1070 28
1071 29
1072 29
1073 29
1074 29
1075 29
1076 29
1077 29
1078 29
1079 29
1080 29
1081 29
1082 29
1083 29
1084 29
1085 30
1086 30
1087 30
1088 30
1089 30
1090 30
1091 30
1092 30
1093 30
1094 30
1095 30
1096 30
1097 30
1098 30
1099 30
1100 30
1101 30
1102 30
1103 30
1104 30
1105 30
1106 30
1107 30
1108 31
1109 31
1110 31
1111 31
1112 31
1113 31
1114 31
1115 31
1116 31
1117 31
1118 31
1119 31
1120 31
1121 31
1122 31
1123 31
1124 31
1125 31
1126 31
1127 31
1128 31
1129 31
1130 31
1131 31
1132 31
1133 31
1134 31
1135 31
1136 31
1137 31
1138 31
1139 31
1140 31
1141 31
1142 31
1143 31
1144 31
1145 31
1146 31
1147 31
1148 31
1149 31
1150 31
1151 31
1152 31
1153 31
1154 31
1155 31
1156 31
1157 31
1158 31
1159 31
1160 31
1161 31
1162 31
1163 32
1164 32
1165 32
1166 32
1167 32
1168 32
1169 32
1170 32
1171 32
1172 32
1173 32
1174 32
1175 32
1176 32
1177 32
1178 32
1179 32
1180 32
1181 32
1182 32
1183 32
1184 32
1185 32
1186 32
1187 32
1188 32
1189 32
1190 32
1191 32
1192 32
1193 32
1194 32
1195 32
1196 32
1197 32
1198 33
1199 33
1200 33
1201 33
1202 33
1203 33
1204 33
1205 33
1206 33
1207 33
1208 33
1209 33
1210 33
1211 33
1212 33
1213 33
1214 34
1215 34
1216 34
1217 34
1218 34
1219 34
1220 34
1221 34
1222 34
1223 34
1224 34
1225 34
1226 34
1227 34
1228 34
1229 34
1230 34
1231 34
1232 34
1233 34
1234 34
1235 34
1236 34
1237 34
1238 34
1239 34
1240 34
1241 34
1242 34
1243 34
1244 34
1245 34
1246 34
1247 35
1248 35
1249 35
1250 35
1251 35
1252 35
1253 35
1254 35
1255 35
1256 35
1257 35
1258 35
1259 35
1260 35
1261 35
1262 35
1263 35
1264 35
1265 35
1266 35
1267 35
1268 35
1269 35
1270 35
1271 35
1272 35
1273 35
1274 35
1275 35
1276 35
1277 35
1278 35
1279 35
1280 35
1281 35
1282 35
1283 35
1284 35
1285 35
1286 35
1287 35
1288 35
1289 35
1290 35
1291 35
1292 35
1293 35
1294 35
1295 35
1296 35
1297 35
1298 35
1299 35
1300 35
1301 35
1302 35
1303 35
1304 35
1305 35
1306 35
1307 36
1308 36
1309 36
1310 36
1311 36
1312 36
1313 36
1314 36
1315 36
1316 36
1317 36
1318 36
1319 36
1320 36
1321 36
1322 36
1323 36
1324 36
1325 36
1326 36
1327 36
1328 36
1329 36
1330 36
1331 36
1332 36
1333 36
1334 36
1335 36
1336 36
1337 36
1338 36
1339 36
1340 36
1341 36
1342 36
1343 36
1344 36
1345 36
1346 36
1347 36
1348 36
1349 36
1350 36
1351 36
1352 36
1353 36
1354 36
1355 36
1356 36
1357 36
1358 36
1359 36
1360 36
1361 36
1362 36
1363 36
1364 36
1365 36
1366 36
1367 37
1368 37
1369 37
1370 37
1371 37
1372 37
1373 37
1374 37
1375 37
1376 37
1377 37
1378 37
1379 37
1380 37
1381 37
1382 37
1383 37
1384 37
1385 37
1386 37
1387 38
1388 38
1389 38
1390 38
1391 38
1392 38
1393 38
1394 38
1395 38
1396 38
1397 38
1398 38
1399 38
1400 38
1401 38
1402 38
1403 39
1404 39
1405 39
1406 39
1407 39
1408 39
1409 39
1410 39
1411 39
1412 39
1413 39
1414 39
1415 39
1416 39
1417 39
1418 39
1419 39
1420 39
1421 39
1422 39
1423 39
1424 39
1425 39
1426 39
1427 39
1428 39
1429 39
1430 39
1431 39
1432 39
1433 39
1434 39
1435 39
1436 39
1437 39
1438 39
1439 39
1440 39
1441 39
1442 39
1443 39
1444 39
1445 39
1446 39
1447 39
1448 39
1449 39
1450 39
1451 39
1452 39
1453 39
1454 39
1455 39
1456 39
1457 39
1458 39
1459 39
1460 39
1461 39
1462 39
1463 40
1464 40
1465 40
1466 40
1467 40
1468 40
1469 40
1470 40
1471 40
1472 40
1473 40
1474 40
1475 40
1476 40
1477 40
1478 40
1479 40
1480 41
1481 41
1482 41
1483 41
1484 41
1485 41
1486 41
1487 41
1488 41
1489 41
1490 41
1491 41
1492 42
1493 42
1494 42
1495 42
1496 42
1497 42
1498 42
1499 42
1500 42
1501 42
1502 42
1503 42
1504 42
1505 42
1506 42
1507 42
1508 42
1509 42
1510 42
1511 42
1512 42
1513 42
1514 42
1515 42
1516 42
1517 42
1518 42
1519 42
1520 42
1521 42
1522 42
1523 43
1524 43
1525 43
1526 43
1527 43
1528 43
1529 43
1530 43
1531 43
1532 43
1533 43
1534 43
1535 43
1536 43
1537 43
1538 43
1539 43
1540 43
1541 43
1542 43
1543 43
1544 43
1545 43
1546 43
1547 43
1548 43
1549 43
1550 43
1551 43
1552 43
1553 43
1554 43
1555 43
1556 43
1557 43
1558 43
1559 43
1560 43
1561 43
1562 43
1563 43
1564 43
1565 43
1566 43
1567 43
1568 43
1569 43
1570 43
1571 43
1572 43
1573 43
1574 43
1575 43
1576 43
1577 43
1578 43
1579 43
1580 43
1581 43
1582 43
1583 44
1584 44
1585 44
1586 44
1587 44
1588 44
1589 44
1590 44
1591 44
1592 44
1593 44
1594 44
1595 44
1596 44
1597 44
1598 44
1599 44
1600 44
1601 44
1602 44
1603 44
1604 44
1605 44
1606 44
1607 44
1608 44
1609 44
1610 44
1611 45
1612 45
1613 45
1614 45
1615 45
1616 45
1617 45
1618 45
1619 45
1620 45
1621 45
1622 45
1623 45
1624 45
1625 45
1626 45
1627 45
1628 45
1629 45
1630 45
1631 45
1632 46
1633 46
1634 46
1635 46
1636 46
1637 46
1638 46
1639 46
1640 46
1641 46
1642 46
1643 46
1644 46
1645 46
1646 46
1647 46
1648 46
1649 46
1650 46
1651 46
1652 47
1653 47
1654 47
1655 47
1656 47
1657 47
1658 47
1659 47
1660 47
1661 47
1662 47
1663 47
1664 47
1665 47
1666 47
1667 47
1668 47
1669 47
1670 47
1671 47
1672 47
1673 47
1674 47
1675 47
1676 47
1677 48
1678 48
1679 48
1680 48
1681 48
1682 48
1683 48
1684 48
1685 48
1686 48
1687 48
1688 48
1689 48
1690 48
1691 48
1692 49
1693 49
1694 49
1695 49
1696 49
1697 49
1698 49
1699 49
1700 49
1701 49
1702 49
1703 49
1704 49
1705 49
1706 49
1707 49
1708 49
1709 49
1710 49
1711 49
1712 49
1713 49
1714 49
1715 49
1716 49
1717 49
1718 49
1719 49
1720 49
1721 49
1722 50
1723 50
1724 50
1725 50
1726 50
1727 50
1728 50
1729 50
1730 50
1731 50
1732 50
1733 50
1734 50
1735 50
1736 50
1737 50
1738 50
1739 50
1740 50
1741 50
1742 50
1743 50
1744 50
1745 50
1746 50
1747 50
1748 50
1749 50
1750 50
1751 50
1752 50
1753 50
1754 50
1755 50
1756 50
1757 50
1758 50
1759 50
1760 50
1761 50
1762 50
1763 50
1764 50
1765 50
1766 50
1767 50
1768 50
1769 50
1770 50
1771 50
1772 50
1773 50
1774 50
1775 50
1776 50
1777 50
1778 50
1779 50
1780 51
1781 51
1782 51
1783 51
1784 51
1785 51
1786 51
1787 51
1788 51
1789 51
1790 51
1791 51
1792 51
1793 51
1794 51
1795 51
1796 51
1797 51
1798 51
1799 51
1800 51
1801 51
1802 51
1803 51
1804 51
1805 51
1806 51
1807 51
1808 51
1809 51
1810 51
1811 51
1812 51
1813 51
1814 51
1815 51
1816 51
1817 51
1818 51
1819 51
1820 51
1821 51
1822 51
1823 51
1824 51
1825 51
1826 51
1827 51
1828 51
1829 51
1830 51
1831 51
1832 51
1833 52
1834 52
1835 52
1836 52
1837 52
1838 52
1839 52
1840 52
1841 52
1842 52
1843 52
1844 52
1845 52
1846 52
1847 52
1848 52
1849 52
1850 52
1851 52
1852 52
1853 52
1854 52
1855 52
1856 52
1857 52
1858 52
1859 52
1860 52
1861 52
1862 52
1863 52
1864 52
1865 52
1866 52
1867 52
1868 52
1869 52
1870 52
1871 52
1872 52
1873 52
1874 52
1875 52
1876 52
1877 52
1878 52
1879 52
1880 52
1881 52
1882 52
1883 52
1884 52
1885 52
1886 52
1887 52
1888 52
1889 52
1890 52
1891 52
1892 52
1893 53
1894 53
1895 53
1896 53
1897 53
1898 53
1899 53
1900 53
1901 53
1902 53
1903 53
1904 53
1905 53
1906 53
1907 53
1908 53
1909 53
1910 53
1911 53
1912 53
1913 53
1914 53
1915 53
1916 53
1917 53
1918 53
1919 53
1920 53
1921 53
1922 53
1923 53
1924 53
1925 53
1926 53
1927 53
1928 53
1929 53
1930 53
1931 53
1932 53
1933 53
1934 53
1935 53
1936 53
1937 53
1938 53
1939 53
1940 53
1941 53
1942 53
1943 53
1944 53
1945 53
1946 53
1947 53
1948 53
1949 53
1950 53
1951 53
1952 53
1953 54
1954 54
1955 54
1956 54
1957 54
1958 54
1959 54
1960 54
1961 54
1962 54
1963 54
1964 54
1965 54
1966 54
1967 55
1968 55
1969 55
1970 55
1971 55
1972 55
1973 55
1974 55
1975 55
1976 55
1977 55
1978 55
1979 55
1980 55
1981 55
1982 55
1983 55
1984 55
1985 55
1986 55
1987 55
1988 55
1989 55
1990 55
1991 55
1992 55
1993 55
1994 55
1995 55
1996 55
1997 55
1998 55
1999 55
2000 55
2001 55
2002 55
2003 55
2004 55
2005 55
2006 55
2007 55
2008 55
2009 55
2010 55
2011 55
2012 55
2013 55
2014 55
2015 55
2016 55
2017 55
2018 55
2019 55
2020 55
2021 55
2022 55
2023 55
2024 55
2025 55
2026 55
2027 56
2028 56
2029 56
2030 56
2031 56
2032 56
2033 56
2034 56
2035 56
2036 56
2037 56
2038 56
2039 56
2040 56
2041 56
2042 56
2043 56
2044 56
2045 56
2046 56
2047 56
2048 56
2049 56
2050 56
2051 56
2052 56
2053 56
2054 56
2055 57
2056 57
2057 57
2058 57
2059 57
2060 57
2061 57
2062 57
2063 57
2064 57
2065 57
2066 57
2067 57
2068 57
2069 57
2070 57
2071 57
2072 57
2073 57
2074 57
2075 57
2076 57
2077 57
2078 57
2079 57
2080 57
2081 57
2082 57
2083 57
2084 57
2085 57
2086 57
2087 57
2088 57
2089 57
2090 57
2091 57
2092 57
2093 57
2094 57
2095 57
2096 57
2097 57
2098 57
2099 57
2100 57
2101 57
2102 57
2103 57
2104 57
2105 57
2106 57
2107 57
2108 57
2109 57
2110 57
2111 57
2112 57
2113 57
2114 57
2115 58
2116 58
2117 58
2118 58
2119 58
2120 58
2121 58
2122 58
2123 58
2124 58
2125 58
2126 58
2127 58
2128 58
2129 58
2130 59
2131 59
2132 59
2133 59
2134 59
2135 59
2136 59
2137 59
2138 59
2139 59
2140 59
2141 59
2142 59
2143 59
2144 59
2145 59
2146 59
2147 59
2148 60
2149 60
2150 60
2151 60
2152 60
2153 60
2154 60
2155 60
2156 60
2157 60
2158 60
2159 61
2160 61
2161 61
2162 61
2163 61
2164 61
2165 61
2166 61
2167 61
2168 61
2169 61
2170 61
2171 61
2172 61
2173 61
2174 61
2175 61
2176 61
2177 61
2178 61
2179 61
2180 61
2181 61
2182 61
2183 61
2184 61
2185 61
2186 61
2187 61
2188 61
2189 61
2190 62
2191 62
2192 62
2193 62
2194 62
2195 62
2196 62
2197 62
2198 62
2199 62
2200 62
2201 62
2202 62
2203 62
2204 62
2205 62
2206 62
2207 62
2208 62
2209 62
2210 62
2211 62
2212 62
2213 62
2214 63
2215 63
2216 63
2217 63
2218 63
2219 63
2220 63
2221 63
2222 63
2223 63
2224 63
2225 63
2226 63
2227 63
2228 63
2229 63
2230 63
2231 63
2232 63
2233 63
2234 63
2235 63
2236 63
2237 63
2238 63
2239 63
2240 63
2241 63
2242 63
2243 64
2244 64
2245 64
2246 64
2247 64
2248 64
2249 64
2250 64
2251 64
2252 64
2253 64
2254 64
2255 64
2256 64
2257 64
2258 64
2259 64
2260 64
2261 64
2262 64
2263 64
2264 64
2265 64
2266 64
2267 64
2268 64
2269 64
2270 64
2271 64
2272 64
2273 64
2274 64
2275 64
2276 64
2277 64
2278 64
2279 64
2280 64
2281 64
2282 64
2283 64
2284 64
2285 64
2286 64
2287 64
2288 64
2289 64
2290 64
2291 64
2292 64
2293 64
2294 64
2295 64
2296 64
2297 64
2298 64
2299 64
2300 64
2301 64
2302 64
2303 65
2304 65
2305 65
2306 65
2307 65
2308 65
2309 65
2310 65
2311 65
2312 65
2313 65
2314 65
2315 65
2316 65
2317 65
2318 65
2319 65
2320 65
2321 65
2322 65
2323 65
2324 65
2325 65
2326 65
2327 65
2328 65
2329 65
2330 65
2331 65
2332 65
2333 65
2334 65
2335 65
2336 65
2337 65
2338 65
2339 65
2340 65
2341 65
2342 65
2343 65
2344 65
2345 65
2346 65
2347 65
2348 65
2349 65
2350 65
2351 65
2352 65
2353 65
2354 65
2355 65
2356 65
2357 65
2358 65
2359 65
2360 65
2361 65
2362 66
2363 66
2364 66
2365 66
2366 66
2367 66
2368 66
2369 66
2370 66
2371 66
2372 66
2373 66
2374 66
2375 66
2376 66
2377 66
2378 66
2379 67
2380 67
2381 67
2382 67
2383 67
2384 67
2385 67
2386 67
2387 67
2388 67
2389 67
2390 67
2391 67
2392 67
2393 67
2394 67
2395 67
2396 67
2397 67
2398 67
2399 67
2400 67
2401 67
2402 67
2403 67
2404 67
2405 67
2406 67
2407 67
2408 67
2409 67
2410 67
2411 67
2412 67
2413 67
2414 67
2415 67
2416 67
2417 67
2418 67
2419 67
2420 67
2421 67
2422 67
2423 67
2424 67
2425 67
2426 67
2427 67
2428 67
2429 67
2430 67
2431 67
2432 67
2433 67
2434 67
2435 68
2436 68
2437 68
2438 68
2439 68
2440 68
2441 68
2442 68
2443 68
2444 68
2445 68
2446 68
2447 68
2448 68
2449 68
2450 68
2451 68
2452 68
2453 68
2454 68
2455 68
2456 68
2457 68
2458 68
2459 68
2460 68
2461 68
2462 68
2463 68
2464 68
2465 68
2466 68
2467 68
2468 68
2469 68
2470 68
2471 68
2472 68
2473 69
2474 69
2475 69
2476 69
2477 69
2478 69
2479 69
2480 69
2481 69
2482 69
2483 69
2484 69
2485 69
2486 69
2487 69
2488 69
2489 69
2490 69
2491 69
2492 69
2493 69
2494 69
2495 69
2496 69
2497 69
2498 69
2499 70
2500 70
2501 70
2502 70
2503 70
2504 70
2505 70
2506 70
2507 70
2508 70
2509 71
2510 71
2511 71
2512 71
2513 71
2514 71
2515 71
2516 71
2517 71
2518 71
2519 71
2520 71
2521 71
2522 71
2523 71
2524 71
2525 71
2526 71
2527 72
2528 72
2529 72
2530 72
2531 72
2532 72
2533 72
2534 72
2535 72
2536 72
2537 72
2538 72
2539 73
2540 73
2541 73
2542 73
2543 73
2544 73
2545 73
2546 73
2547 73
2548 73
2549 73
2550 74
2551 74
2552 74
2553 74
2554 74
2555 74
2556 74
2557 74
2558 74
2559 74
2560 74
2561 74
2562 74
2563 74
2564 74
2565 74
2566 74
2567 75
2568 75
2569 75
2570 75
2571 75
2572 75
2573 75
2574 75
2575 75
2576 75
2577 75
2578 75
2579 75
2580 75
2581 75
2582 75
2583 75
2584 75
2585 75
2586 75
2587 76
2588 76
2589 76
2590 76
2591 76
2592 76
2593 76
2594 76
2595 76
2596 76
2597 76
2598 76
2599 76
2600 76
2601 76
2602 76
2603 76
2604 76
2605 76
2606 76
2607 76
2608 76
2609 76
2610 76
2611 76
2612 77
2613 77
2614 77
2615 77
2616 77
2617 77
2618 77
2619 77
2620 77
2621 77
2622 77
2623 77
2624 77
2625 77
2626 77
2627 77
2628 77
2629 77
2630 77
2631 78
2632 78
2633 78
2634 78
2635 78
2636 78
2637 78
2638 78
2639 78
2640 78
2641 78
2642 78
2643 78
2644 78
2645 78
2646 78
2647 78
2648 78
2649 78
2650 78
2651 78
2652 78
2653 79
2654 79
2655 79
2656 79
2657 79
2658 79
2659 79
2660 79
2661 79
2662 79
2663 79
2664 79
2665 80
2666 80
2667 80
2668 80
2669 80
2670 80
2671 80
2672 80
2673 80
2674 80
2675 80
2676 80
2677 80
2678 80
2679 81
2680 81
2681 81
2682 81
2683 81
2684 81
2685 81
2686 81
2687 81
2688 81
2689 81
2690 81
2691 81
2692 81
2693 81
2694 81
2695 81
2696 81
2697 81
2698 81
2699 81
2700 81
2701 81
2702 81
2703 81
2704 81
2705 81
2706 81
2707 81
2708 81
2709 81
2710 81
2711 81
2712 81
2713 81
2714 81
2715 81
2716 81
2717 81
2718 81
2719 81
2720 81
2721 81
2722 81
2723 81
2724 81
2725 81
2726 81
2727 81
2728 81
2729 81
2730 81
2731 82
2732 82
2733 82
2734 82
2735 82
2736 82
2737 82
2738 82
2739 82
2740 82
2741 82
2742 82
2743 82
2744 82
2745 82
2746 82
2747 82
2748 82
2749 82
2750 82
2751 82
2752 82
2753 82
2754 82
2755 83
2756 83
2757 83
2758 83
2759 83
2760 83
2761 83
2762 83
2763 83
2764 83
2765 83
2766 83
2767 83
2768 83
2769 83
2770 83
2771 83
2772 83
2773 83
2774 83
2775 83
2776 83
2777 83
2778 83
2779 84
2780 84
2781 84
2782 84
2783 84
2784 84
2785 84
2786 84
2787 84
2788 84
2789 84
2790 84
2791 84
2792 84
2793 84
2794 84
2795 84
2796 84
2797 84
2798 84
2799 84
2800 84
2801 84
2802 84
2803 84
2804 84
2805 84
2806 84
2807 84
2808 85
2809 85
2810 85
2811 85
2812 85
2813 85
2814 85
2815 85
2816 85
2817 85
2818 85
2819 86
2820 86
2821 86
2822 86
2823 86
2824 86
2825 86
2826 86
2827 86
2828 86
2829 86
2830 86
2831 86
2832 86
2833 86
2834 86
2835 86
2836 86
2837 86
2838 86
2839 86
2840 86
2841 86
2842 86
2843 86
2844 86
2845 86
2846 86
2847 86
2848 86
2849 86
2850 86
2851 86
2852 86
2853 86
2854 86
2855 86
2856 86
2857 86
2858 86
2859 87
2860 87
2861 87
2862 87
2863 87
2864 87
2865 87
2866 87
2867 87
2868 87
2869 87
2870 87
2871 87
2872 87
2873 87
2874 87
2875 87
2876 87
2877 87
2878 87
2879 87
2880 87
2881 87
2882 87
2883 87
2884 87
2885 87
2886 87
2887 87
2888 87
2889 87
2890 87
2891 87
2892 87
2893 87
2894 87
2895 87
2896 88
2897 88
2898 88
2899 88
2900 88
2901 88
2902 88
2903 88
2904 88
2905 88
2906 88
2907 88
2908 88
2909 88
2910 88
2911 88
2912 88
2913 88
2914 88
2915 88
2916 88
2917 88
2918 88
2919 88
2920 88
2921 88
2922 88
2923 88
2924 88
2925 88
2926 88
2927 88
2928 88
2929 88
2930 88
2931 88
2932 88
2933 88
2934 88
2935 88
2936 88
2937 88
2938 88
2939 88
2940 88
2941 88
2942 88
2943 88
2944 88
2945 88
2946 88
2947 88
2948 88
2949 88
2950 88
2951 88
2952 88
2953 88
2954 88
2955 88
2956 89
2957 89
2958 89
2959 89
2960 89
2961 89
2962 89
2963 89
2964 89
2965 89
2966 89
2967 89
2968 89
2969 89
2970 89
2971 89
2972 90
2973 90
2974 90
2975 90
2976 90
2977 90
2978 90
2979 90
2980 90
2981 90
2982 90
2983 90
2984 90
2985 90
2986 90
2987 90
2988 90
2989 90
2990 90
2991 90
2992 90
2993 90
2994 90
2995 90
2996 90
2997 90
2998 90
2999 91
3000 91
3001 91
3002 91
3003 91
3004 91
3005 91
3006 91
3007 91
3008 91
3009 91
3010 91
3011 91
3012 91
3013 91
3014 91
3015 91
3016 91
3017 91
3018 91
3019 91
3020 91
3021 91
3022 91
3023 91
3024 91
3025 91
3026 91
3027 91
3028 91
3029 91
3030 91
3031 91
3032 91
3033 91
3034 91
3035 91
3036 91
3037 91
3038 91
3039 91
3040 91
3041 91
3042 91
3043 91
3044 91
3045 91
3046 91
3047 91
3048 91
3049 91
3050 91
3051 91
3052 91
3053 91
3054 91
3055 91
3056 91
3057 91
3058 91
3059 92
3060 92
3061 92
3062 92
3063 92
3064 92
3065 92
3066 92
3067 92
3068 92
3069 92
3070 92
3071 92
3072 92
3073 92
3074 92
3075 92
3076 92
3077 92
3078 92
3079 92
3080 92
3081 92
3082 92
3083 92
3084 92
3085 92
3086 92
3087 92
3088 92
3089 92
3090 92
3091 92
3092 92
3093 93
3094 93
3095 93
3096 93
3097 93
3098 93
3099 93
3100 93
3101 93
3102 93
3103 93
3104 93
3105 93
3106 93
3107 93
3108 93
3109 93
3110 93
3111 93
3112 93
3113 93
3114 93
3115 93
3116 93
3117 93
3118 93
3119 93
3120 93
3121 93
3122 93
3123 93
3124 93
3125 93
3126 93
3127 93
3128 93
3129 93
3130 93
3131 93
3132 93
3133 93
3134 93
3135 93
3136 93
3137 93
3138 93
3139 93
3140 93
3141 93
3142 94
3143 94
3144 94
3145 94
3146 94
3147 94
3148 94
3149 94
3150 94
3151 94
3152 94
3153 94
3154 94
3155 94
3156 94
3157 94
3158 94
3159 94
3160 94
3161 94
3162 94
3163 94
3164 94
3165 94
3166 94
3167 94
3168 94
3169 94
3170 94
3171 94
3172 94
3173 94
3174 94
3175 94
3176 94
3177 94
3178 94
3179 94
3180 94
3181 94
3182 94
3183 94
3184 94
3185 94
3186 94
3187 94
3188 94
3189 94
3190 94
3191 94
3192 94
3193 94
3194 94
3195 94
3196 94
3197 94
3198 94
3199 94
3200 94
3201 94
3202 95
3203 95
3204 95
3205 95
3206 95
3207 95
3208 95
3209 95
3210 95
3211 95
3212 95
3213 95
3214 95
3215 95
3216 95
3217 95
3218 95
3219 95
3220 95
3221 95
3222 95
3223 96
3224 96
3225 96
3226 96
3227 96
3228 96
3229 96
3230 96
3231 96
3232 96
3233 96
3234 96
3235 96
3236 96
3237 96
3238 96
3239 96
3240 96
3241 96
3242 96
3243 96
3244 96
3245 96
3246 96
3247 96
3248 96
3249 96
3250 96
3251 96
3252 96
3253 96
3254 96
3255 96
3256 96
3257 96
3258 96
3259 96
3260 96
3261 96
3262 96
3263 96
3264 96
3265 96
3266 96
3267 96
3268 96
3269 96
3270 97
3271 97
3272 97
3273 97
3274 97
3275 97
3276 97
3277 97
3278 97
3279 97
3280 97
3281 97
3282 97
3283 97
3284 97
3285 97
3286 97
3287 97
3288 97
3289 97
3290 97
3291 97
3292 97
3293 97
3294 97
3295 97
3296 97
3297 97
3298 97
3299 97
3300 97
3301 97
3302 97
3303 97
3304 97
3305 97
3306 97
3307 97
3308 98
3309 98
3310 98
3311 98
3312 98
3313 98
3314 98
3315 98
3316 98
3317 98
3318 98
3319 98
3320 98
3321 98
3322 98
3323 98
3324 98
3325 98
3326 98
3327 98
3328 99
3329 99
3330 99
3331 99
3332 99
3333 99
3334 99
3335 99
3336 99
3337 99
3338 99
3339 99
3340 99
3341 99
3342 100
3343 100
3344 100
3345 100
3346 100
3347 100
3348 100
3349 100
3350 100
3351 100
3352 100
3353 100
3354 100
3355 100
3356 100
3357 101
3358 101
3359 101
3360 101
3361 101
3362 101
3363 101
3364 101
3365 101
3366 101
3367 101
3368 101
3369 101
3370 101
3371 101
3372 101
3373 101
3374 101
3375 101
3376 101
3377 101
3378 101
3379 101
3380 101
3381 101
3382 101
3383 101
3384 101
3385 101
3386 101
3387 101
3388 101
3389 101
3390 101
3391 101
3392 101
3393 101
3394 101
3395 101
3396 101
3397 101
3398 101
3399 101
3400 101
3401 101
3402 101
3403 101
3404 101
3405 101
3406 101
3407 101
3408 101
3409 101
3410 102
3411 102
3412 102
3413 102
3414 102
3415 102
3416 102
3417 102
3418 102
3419 102
3420 102
3421 102
3422 102
3423 102
3424 102
3425 102
3426 102
3427 102
3428 102
3429 102
3430 103
3431 103
3432 103
3433 103
3434 103
3435 103
3436 103
3437 103
3438 103
3439 103
3440 103
3441 103
3442 103
3443 103
3444 103
3445 103
3446 103
3447 103
3448 103
3449 103
3450 103
3451 103
3452 103
3453 103
3454 103
3455 103
3456 103
3457 103
3458 103
3459 103
3460 103
3461 104
3462 104
3463 104
3464 104
3465 104
3466 104
3467 104
3468 104
3469 104
3470 104
3471 104
3472 104
3473 104
3474 104
3475 104
3476 104
3477 104
3478 104
3479 104
3480 104
3481 104
3482 104
3483 104
3484 104
3485 104
3486 104
3487 104
3488 104
3489 104
3490 104
3491 104
3492 104
3493 104
3494 104
3495 104
3496 104
3497 104
3498 104
3499 104
3500 104
3501 104
3502 104
3503 104
3504 104
3505 104
3506 104
3507 104
3508 104
3509 104
3510 104
3511 104
3512 104
3513 105
3514 105
3515 105
3516 105
3517 105
3518 105
3519 105
3520 105
3521 105
3522 105
3523 105
3524 105
3525 105
3526 105
3527 105
3528 105
3529 105
3530 105
3531 105
3532 105
3533 105
3534 105
3535 105
3536 105
3537 105
3538 105
3539 105
3540 105
3541 105
3542 105
3543 105
3544 105
3545 105
3546 105
3547 105
3548 105
3549 105
3550 105
3551 105
3552 105
3553 105
3554 105
3555 105
3556 105
3557 105
3558 105
3559 105
3560 105
3561 105
3562 105
3563 105
3564 105
3565 105
3566 105
3567 105
3568 105
3569 106
3570 106
3571 106
3572 106
3573 106
3574 106
3575 106
3576 106
3577 106
3578 106
3579 106
3580 106
3581 106
3582 106
3583 106
3584 106
3585 106
3586 106
3587 106
3588 106
3589 106
3590 106
3591 106
3592 106
3593 106
3594 106
3595 106
3596 106
3597 106
3598 106
3599 107
3600 107
3601 107
3602 107
3603 107
3604 107
3605 107
3606 107
3607 107
3608 107
3609 107
3610 108
3611 108
3612 108
3613 108
3614 108
3615 108
3616 108
3617 108
3618 108
3619 108
3620 108
3621 109
3622 109
3623 109
3624 109
3625 109
3626 109
3627 109
3628 109
3629 109
3630 109
3631 109
3632 109
3633 109
3634 109
3635 109
3636 109
3637 109
3638 109
3639 109
3640 109
3641 110
3642 110
3643 110
3644 110
3645 110
3646 110
3647 110
3648 110
3649 110
3650 110
3651 110
3652 110
3653 110
3654 110
3655 110
3656 110
3657 110
3658 110
3659 110
3660 110
3661 110
3662 110
3663 110
3664 110
3665 110
3666 110
3667 110
3668 110
3669 110
3670 110
3671 110
3672 110
3673 110
3674 110
3675 110
3676 110
3677 110
3678 111
3679 111
3680 111
3681 111
3682 111
3683 111
3684 111
3685 111
3686 111
3687 111
3688 111
3689 112
3690 112
3691 112
3692 112
3693 112
3694 112
3695 112
3696 112
3697 112
3698 112
3699 112
3700 112
3701 112
3702 112
3703 112
3704 112
3705 112
3706 112
3707 112
3708 112
3709 112
3710 112
3711 112
3712 112
3713 112
3714 112
3715 112
3716 112
3717 112
3718 112
3719 112
3720 112
3721 112
3722 112
3723 112
3724 112
3725 112
3726 112
3727 112
3728 112
3729 112
3730 112
3731 112
3732 112
3733 112
3734 112
3735 112
3736 112
3737 112
3738 112
3739 112
3740 113
3741 113
3742 113
3743 113
3744 113
3745 113
3746 113
3747 113
3748 113
3749 113
3750 113
3751 113
3752 113
3753 113
3754 113
3755 113
3756 113
3757 113
3758 113
3759 114
3760 114
3761 114
3762 114
3763 114
3764 114
3765 114
3766 114
3767 114
3768 114
3769 114
3770 114
3771 114
3772 114
3773 115
3774 115
3775 115
3776 115
3777 115
3778 115
3779 115
3780 115
3781 115
3782 115
3783 115
3784 115
3785 115
3786 115
3787 115
3788 115
3789 115
3790 115
3791 115
3792 115
3793 115
3794 115
3795 115
3796 115
3797 115
3798 115
3799 115
3800 115
3801 115
3802 115
3803 115
3804 115
3805 115
3806 115
3807 115
3808 115
3809 115
3810 115
3811 115
3812 115
3813 115
3814 115
3815 115
3816 115
3817 115
3818 115
3819 115
3820 115
3821 115
3822 115
3823 115
3824 115
3825 115
3826 115
3827 115
3828 115
3829 115
3830 115
3831 115
3832 115
3833 116
3834 116
3835 116
3836 116
3837 116
3838 116
3839 116
3840 116
3841 116
3842 116
3843 116
3844 116
3845 116
3846 116
3847 116
3848 116
3849 116
3850 116
3851 116
3852 116
3853 116
3854 116
3855 116
3856 117
3857 117
3858 117
3859 117
3860 117
3861 117
3862 117
3863 117
3864 117
3865 117
3866 117
3867 118
3868 118
3869 118
3870 118
3871 118
3872 118
3873 118
3874 118
3875 118
3876 118
3877 118
3878 118
3879 118
3880 118
3881 118
3882 118
3883 118
3884 118
3885 118
3886 118
3887 118
3888 118
3889 118
3890 118
3891 118
3892 118
3893 118
3894 119
3895 119
3896 119
3897 119
3898 119
3899 119
3900 119
3901 119
3902 119
3903 119
3904 119
3905 119
3906 119
3907 119
3908 119
3909 119
3910 119
3911 119
3912 119
3913 119
3914 119
3915 119
3916 119
3917 119
3918 119
3919 119
3920 119
3921 119
3922 119
3923 119
3924 119
3925 119
3926 119
3927 119
3928 119
3929 119
3930 119
3931 119
3932 119
3933 119
3934 119
3935 119
3936 119
3937 119
3938 120
3939 120
3940 120
3941 120
3942 120
3943 120
3944 120
3945 120
3946 120
3947 120
3948 120
3949 120
3950 120
3951 120
3952 120
3953 120
3954 120
3955 120
3956 120
3957 121
3958 121
3959 121
3960 121
3961 121
3962 121
3963 121
3964 121
3965 121
3966 121
3967 121
3968 121
3969 121
3970 121
3971 121
3972 121
3973 121
3974 121
3975 122
3976 122
3977 122
3978 122
3979 122
3980 122
3981 122
3982 122
3983 122
3984 122
3985 122
3986 123
3987 123
3988 123
3989 123
3990 123
3991 123
3992 123
3993 123
3994 123
3995 123
3996 123
3997 123
3998 123
3999 123
4000 124
4001 124
4002 124
4003 124
4004 124
4005 124
4006 124
4007 124
4008 124
4009 124
4010 124
4011 124
4012 124
4013 124
4014 124
4015 124
4016 124
4017 124
4018 124
4019 124
4020 124
4021 124
4022 124
4023 124
4024 124
4025 124
4026 124
4027 124
4028 124
4029 124
4030 124
4031 124
4032 124
4033 124
4034 124
4035 124
4036 124
4037 124
4038 124
4039 124
4040 124
4041 124
4042 124
4043 124
4044 124
4045 124
4046 124
4047 124
4048 124
4049 124
4050 124
4051 124
4052 124
4053 124
4054 124
4055 124
4056 124
4057 125
4058 125
4059 125
4060 125
4061 125
4062 125
4063 125
4064 125
4065 125
4066 125
4067 125
4068 125
4069 125
4070 125
4071 125
4072 125
4073 125
4074 125
4075 125
4076 125
4077 125
4078 125
4079 125
4080 125
4081 125
4082 125
4083 125
4084 125
4085 125
4086 125
4087 125
4088 125
4089 125
4090 125
4091 125
4092 125
4093 125
4094 125
4095 125
4096 125
4097 126
4098 126
4099 126
4100 126
4101 126
4102 126
4103 126
4104 126
4105 126
4106 126
4107 126
4108 126
4109 126
4110 126
4111 127
4112 127
4113 127
4114 127
4115 127
4116 127
4117 127
4118 127
4119 127
4120 127
4121 127
4122 127
4123 127
4124 127
4125 127
4126 127
4127 127
4128 127
4129 127
4130 127
4131 127
4132 127
4133 127
4134 127
4135 127
4136 127
4137 127
4138 127
4139 127
4140 127
4141 127
4142 127
4143 127
4144 127
4145 127
4146 127
4147 127
4148 127
4149 127
4150 127
4151 127
4152 127
4153 127
4154 127
4155 127
4156 127
4157 127
4158 127
4159 127
4160 127
4161 127
4162 127
4163 127
4164 127
4165 127
4166 127
4167 127
4168 127
4169 128
4170 128
4171 128
4172 128
4173 128
4174 128
4175 128
4176 128
4177 128
4178 128
4179 128
4180 128
4181 128
4182 129
4183 129
4184 129
4185 129
4186 129
4187 129
4188 129
4189 129
4190 129
4191 129
4192 129
4193 129
4194 129
4195 129
4196 129
4197 129
4198 129
4199 129
4200 129
4201 129
4202 129
4203 130
4204 130
4205 130
4206 130
4207 130
4208 130
4209 130
4210 130
4211 130
4212 130
4213 130
4214 130
4215 130
4216 130
4217 130
4218 130
4219 130
4220 130
4221 130
4222 130
4223 130
4224 130
4225 130
4226 130
4227 130
4228 130
4229 130
4230 130
4231 130
4232 130
4233 130
4234 130
4235 130
4236 130
4237 130
4238 130
4239 130
4240 130
4241 130
4242 130
4243 130
4244 130
4245 130
4246 130
4247 130
4248 130
4249 130
4250 130
4251 130
4252 130
4253 130
4254 130
4255 130
4256 130
4257 130
4258 131
4259 131
4260 131
4261 131
4262 131
4263 131
4264 131
4265 131
4266 131
4267 131
4268 131
4269 131
4270 132
4271 132
4272 132
4273 132
4274 132
4275 132
4276 132
4277 132
4278 132
4279 132
4280 133
4281 133
4282 133
4283 133
4284 133
4285 133
4286 133
4287 133
4288 133
4289 133
4290 133
4291 133
4292 133
4293 133
4294 133
4295 133
4296 133
4297 133
4298 133
4299 133
4300 133
4301 133
4302 133
4303 133
4304 133
4305 133
4306 133
4307 133
4308 133
4309 133
4310 133
4311 133
4312 133
4313 133
4314 133
4315 133
4316 133
4317 133
4318 133
4319 133
4320 133
4321 133
4322 133
4323 133
4324 133
4325 133
4326 133
4327 133
4328 133
4329 133
4330 133
4331 133
4332 133
4333 133
4334 133
4335 133
4336 133
4337 133
4338 133
4339 133
4340 134
4341 134
4342 134
4343 134
4344 134
4345 134
4346 134
4347 134
4348 134
4349 134
4350 134
4351 134
4352 134
4353 134
4354 134
4355 134
4356 134
4357 134
4358 134
4359 134
4360 134
4361 134
4362 134
4363 134
4364 134
4365 134
4366 134
4367 134
4368 134
4369 134
4370 134
4371 134
4372 134
4373 134
4374 134
4375 134
4376 134
4377 134
4378 134
4379 134
4380 134
4381 134
4382 134
4383 135
4384 135
4385 135
4386 135
4387 135
4388 135
4389 135
4390 135
4391 135
4392 135
4393 135
4394 135
4395 135
4396 135
4397 135
4398 135
4399 135
4400 135
4401 135
4402 135
4403 135
4404 135
4405 135
4406 135
4407 135
4408 135
4409 136
4410 136
4411 136
4412 136
4413 136
4414 136
4415 136
4416 136
4417 136
4418 136
4419 136
4420 136
4421 136
4422 136
4423 136
4424 136
4425 136
4426 136
4427 136
4428 136
4429 136
4430 136
4431 136
4432 136
4433 136
4434 136
4435 136
4436 136
4437 136
4438 136
4439 136
4440 136
4441 136
4442 136
4443 136
4444 136
4445 136
4446 136
4447 136
4448 136
4449 136
4450 136
4451 136
4452 136
4453 137
4454 137
4455 137
4456 137
4457 137
4458 137
4459 137
4460 137
4461 137
4462 137
4463 137
4464 137
4465 137
4466 137
4467 137
4468 138
4469 138
4470 138
4471 138
4472 138
4473 138
4474 138
4475 138
4476 138
4477 138
4478 138
4479 138
4480 138
4481 138
4482 138
4483 138
4484 138
4485 138
4486 138
4487 138
4488 138
4489 138
4490 138
4491 138
4492 138
4493 138
4494 138
4495 138
4496 138
4497 138
4498 138
4499 138
4500 138
4501 138
4502 138
4503 138
4504 138
4505 138
4506 138
4507 138
4508 138
4509 138
4510 138
4511 138
4512 138
4513 138
4514 138
4515 138
4516 138
4517 138
4518 139
4519 139
4520 139
4521 139
4522 139
4523 139
4524 139
4525 139
4526 139
4527 139
4528 139
4529 139
4530 139
4531 139
4532 139
4533 139
4534 139
4535 139
4536 139
4537 139
4538 139
4539 139
4540 139
4541 139
4542 139
4543 139
4544 139
4545 139
4546 139
4547 139
4548 139
4549 139
4550 139
4551 139
4552 139
4553 139
4554 139
4555 139
4556 139
4557 139
4558 139
4559 139
4560 139
4561 139
4562 139
4563 139
4564 139
4565 139
4566 139
4567 139
4568 139
4569 139
4570 139
4571 139
4572 139
4573 139
4574 139
4575 139
4576 139
4577 139
4578 140
4579 140
4580 140
4581 140
4582 140
4583 140
4584 140
4585 140
4586 140
4587 140
4588 140
4589 140
4590 140
4591 140
4592 140
4593 140
4594 140
4595 140
4596 140
4597 140
4598 140
4599 140
4600 140
4601 140
4602 140
4603 141
4604 141
4605 141
4606 141
4607 141
4608 141
4609 141
4610 141
4611 141
4612 141
4613 141
4614 141
4615 141
4616 141
4617 141
4618 141
4619 141
4620 141
4621 141
4622 141
4623 141
4624 141
4625 141
4626 141
4627 142
4628 142
4629 142
4630 142
4631 142
4632 142
4633 142
4634 142
4635 142
4636 142
4637 142
4638 142
4639 143
4640 143
4641 143
4642 143
4643 143
4644 143
4645 143
4646 143
4647 143
4648 143
4649 143
4650 143
4651 143
4652 143
4653 143
4654 143
4655 143
4656 143
4657 143
4658 143
4659 143
4660 143
4661 143
4662 143
4663 143
4664 143
4665 143
4666 143
4667 143
4668 143
4669 143
4670 143
4671 143
4672 143
4673 143
4674 143
4675 143
4676 143
4677 143
4678 143
4679 143
4680 143
4681 143
4682 143
4683 143
4684 143
4685 143
4686 143
4687 143
4688 143
4689 143
4690 143
4691 143
4692 143
4693 143
4694 143
4695 143
4696 143
4697 143
4698 143
4699 144
4700 144
4701 144
4702 144
4703 144
4704 144
4705 144
4706 144
4707 144
4708 144
4709 144
4710 144
4711 144
4712 144
4713 145
4714 145
4715 145
4716 145
4717 145
4718 145
4719 145
4720 145
4721 145
4722 145
4723 145
4724 145
4725 145
4726 145
4727 145
4728 145
4729 145
4730 145
4731 145
4732 145
4733 145
4734 145
4735 145
4736 145
4737 146
4738 146
4739 146
4740 146
4741 146
4742 146
4743 146
4744 146
4745 146
4746 146
4747 146
4748 147
4749 147
4750 147
4751 147
4752 147
4753 147
4754 147
4755 147
4756 147
4757 147
4758 147
4759 147
4760 147
4761 147
4762 147
4763 147
4764 147
4765 147
4766 147
4767 147
4768 147
4769 147
4770 147
4771 147
4772 147
4773 147
4774 147
4775 147
4776 147
4777 147
4778 147
4779 147
4780 147
4781 147
4782 148
4783 148
4784 148
4785 148
4786 148
4787 148
4788 148
4789 148
4790 148
4791 148
4792 148
4793 148
4794 148
4795 148
4796 148
4797 148
4798 148
4799 148
4800 148
4801 148
4802 148
4803 148
4804 148
4805 148
4806 148
4807 148
4808 148
4809 148
4810 148
4811 148
4812 148
4813 148
4814 148
4815 148
4816 148
4817 148
4818 148
4819 148
4820 148
4821 148
4822 148
4823 148
4824 148
4825 148
4826 148
4827 148
4828 148
4829 148
4830 148
4831 148
4832 148
4833 148
4834 148
4835 148
4836 148
4837 148
4838 148
4839 148
4840 148
4841 148
4842 149
4843 149
4844 149
4845 149
4846 149
4847 149
4848 149
4849 149
4850 149
4851 149
4852 149
4853 149
4854 149
4855 149
4856 150
4857 150
4858 150
4859 150
4860 150
4861 150
4862 150
4863 150
4864 150
4865 150
4866 150
4867 151
4868 151
4869 151
4870 151
4871 151
4872 151
4873 151
4874 151
4875 151
4876 151
4877 151
4878 151
4879 151
4880 151
4881 151
4882 151
4883 151
4884 151
4885 151
4886 151
4887 151
4888 151
4889 151
4890 151
4891 151
4892 152
4893 152
4894 152
4895 152
4896 152
4897 152
4898 152
4899 152
4900 152
4901 152
4902 152
4903 152
4904 152
4905 152
4906 152
4907 152
4908 152
4909 152
4910 152
4911 152
4912 152
4913 152
4914 152
4915 153
4916 153
4917 153
4918 153
4919 153
4920 153
4921 153
4922 153
4923 153
4924 153
4925 153
4926 153
4927 153
4928 153
4929 153
4930 153
4931 153
4932 153
4933 153
4934 153
4935 153
4936 153
4937 153
4938 153
4939 153
4940 153
4941 153
4942 153
4943 153
4944 153
4945 153
4946 153
4947 153
4948 153
4949 153
4950 153
4951 153
4952 153
4953 153
4954 153
4955 153
4956 153
4957 153
4958 153
4959 153
4960 153
4961 153
4962 153
4963 153
4964 153
4965 153
4966 153
4967 153
4968 153
4969 153
4970 153
4971 153
4972 153
4973 153
4974 153
4975 154
4976 154
4977 154
4978 154
4979 154
4980 154
4981 154
4982 154
4983 154
4984 154
4985 154
4986 154
4987 154
4988 154
4989 154
4990 154
4991 154
4992 154
4993 154
4994 154
4995 154
4996 154
4997 154
4998 154
4999 154
5000 154
5001 154
5002 154
5003 154
5004 154
5005 154
5006 154
5007 154
5008 154
5009 154
5010 154
5011 154
5012 154
5013 154
5014 154
5015 154
5016 154
5017 154
5018 154
5019 154
5020 154
5021 154
5022 154
5023 154
5024 154
5025 154
5026 154
5027 154
5028 155
5029 155
5030 155
5031 155
5032 155
5033 155
5034 155
5035 155
5036 155
5037 155
5038 155
5039 155
5040 155
5041 155
5042 155
5043 155
5044 155
5045 156
5046 156
5047 156
5048 156
5049 156
5050 156
5051 156
5052 156
5053 156
5054 156
5055 156
5056 156
5057 156
5058 156
5059 156
5060 156
5061 156
5062 156
5063 156
5064 156
5065 156
5066 156
5067 156
5068 156
5069 156
5070 156
5071 156
5072 156
5073 156
5074 156
5075 156
5076 156
5077 156
5078 156
5079 156
5080 156
5081 156
5082 156
5083 156
5084 156
5085 156
5086 156
5087 156
5088 156
5089 156
5090 156
5091 156
5092 156
5093 156
5094 156
5095 156
5096 156
5097 156
5098 156
5099 156
5100 156
5101 156
5102 156
5103 156
5104 156
5105 157
5106 157
5107 157
5108 157
5109 157
5110 157
5111 157
5112 157
5113 157
5114 157
5115 157
5116 157
5117 157
5118 157
5119 157
5120 158
5121 158
5122 158
5123 158
5124 158
5125 158
5126 158
5127 158
5128 158
5129 158
5130 158
5131 158
5132 158
5133 158
5134 158
5135 158
5136 158
5137 158
5138 158
5139 158
5140 158
5141 158
5142 158
5143 158
5144 158
5145 158
5146 158
5147 158
5148 158
5149 158
5150 158
5151 158
5152 158
5153 158
5154 158
5155 158
5156 158
5157 159
5158 159
5159 159
5160 159
5161 159
5162 159
5163 159
5164 159
5165 159
5166 159
5167 159
5168 159
5169 159
5170 159
5171 159
5172 159
5173 159
5174 159
5175 159
5176 159
5177 159
5178 159
5179 159
5180 159
5181 159
5182 159
5183 159
5184 159
5185 159
5186 159
5187 159
5188 159
5189 159
5190 159
5191 159
5192 159
5193 159
5194 159
5195 159
5196 159
5197 159
5198 159
5199 159
5200 159
5201 159
5202 159
5203 159
5204 159
5205 159
5206 159
5207 159
5208 159
5209 159
5210 159
5211 159
5212 159
5213 159
5214 159
5215 159
5216 159
5217 160
5218 160
5219 160
5220 160
5221 160
5222 160
5223 160
5224 160
5225 160
5226 160
5227 160
5228 160
5229 160
5230 160
5231 160
5232 160
5233 160
5234 160
5235 160
5236 160
5237 160
5238 160
5239 160
5240 160
5241 160
5242 160
5243 160
5244 160
5245 160
5246 160
5247 160
5248 160
5249 160
5250 160
5251 160
5252 160
5253 160
5254 160
5255 160
5256 160
5257 160
5258 160
5259 160
5260 160
5261 160
5262 160
5263 160
5264 160
5265 160
5266 160
5267 160
5268 160
5269 160
5270 160
5271 160
5272 160
5273 160
5274 160
5275 160
5276 160
5277 161
5278 161
5279 161
5280 161
5281 161
5282 161
5283 161
5284 161
5285 161
5286 161
5287 161
5288 161
5289 161
5290 161
5291 161
5292 161
5293 161
5294 161
5295 161
5296 161
5297 161
5298 161
5299 161
5300 161
5301 161
5302 161
5303 161
5304 161
5305 161
5306 161
5307 161
5308 161
5309 162
5310 162
5311 162
5312 162
5313 162
5314 162
5315 162
5316 162
5317 162
5318 162
5319 162
5320 162
5321 162
5322 162
5323 162
5324 162
5325 162
5326 162
5327 162
5328 162
5329 162
5330 162
5331 162
5332 162
5333 162
5334 162
5335 162
5336 162
5337 162
5338 162
5339 162
5340 162
5341 162
5342 162
5343 162
5344 162
5345 162
5346 162
5347 162
5348 162
5349 162
5350 162
5351 162
5352 162
5353 162
5354 162
5355 162
5356 162
5357 162
5358 162
5359 162
5360 162
5361 162
5362 162
5363 162
5364 162
5365 162
5366 162
5367 163
5368 163
5369 163
5370 163
5371 163
5372 163
5373 163
5374 163
5375 163
5376 163
5377 163
5378 163
5379 163
5380 164
5381 164
5382 164
5383 164
5384 164
5385 164
5386 164
5387 164
5388 164
5389 164
5390 164
5391 164
5392 164
5393 164
5394 165
5395 165
5396 165
5397 165
5398 165
5399 165
5400 165
5401 165
5402 165
5403 165
5404 165
5405 165
5406 165
5407 165
5408 165
5409 165
5410 165
5411 165
5412 165
5413 165
5414 165
5415 165
5416 165
5417 165
5418 165
5419 165
5420 165
5421 165
5422 165
5423 165
5424 165
5425 165
5426 165
5427 165
5428 165
5429 165
5430 165
5431 165
5432 165
5433 165
5434 165
5435 165
5436 165
5437 165
5438 165
5439 165
5440 165
5441 165
5442 165
5443 165
5444 165
5445 165
5446 165
5447 165
5448 165
5449 165
5450 165
5451 165
5452 165
5453 165
5454 166
5455 166
5456 166
5457 166
5458 166
5459 166
5460 166
5461 166
5462 166
5463 166
5464 166
5465 166
5466 166
5467 166
5468 166
5469 166
5470 166
5471 166
5472 166
5473 166
5474 166
5475 166
5476 166
5477 166
5478 166
5479 166
5480 166
5481 166
5482 166
5483 166
5484 166
5485 166
5486 166
5487 166
5488 166
5489 166
5490 166
5491 166
5492 166
5493 166
5494 166
5495 166
5496 166
5497 166
5498 166
5499 166
5500 166
5501 166
5502 166
5503 166
5504 166
5505 166
5506 166
5507 166
5508 166
5509 166
5510 166
5511 166
5512 166
5513 166
5514 167
5515 167
5516 167
5517 167
5518 167
5519 167
5520 167
5521 167
5522 167
5523 167
5524 167
5525 167
5526 167
5527 167
5528 167
5529 167
5530 167
5531 167
5532 167
5533 167
5534 167
5535 167
5536 167
5537 167
5538 167
5539 167
5540 167
5541 167
5542 167
5543 167
5544 167
5545 167
5546 167
5547 167
5548 167
5549 167
5550 167
5551 167
5552 167
5553 167
5554 167
5555 167
5556 167
5557 167
5558 167
5559 167
5560 167
5561 167
5562 167
5563 167
5564 167
5565 167
5566 167
5567 167
5568 167
5569 167
5570 167
5571 167
5572 167
5573 167
5574 168
5575 168
5576 168
5577 168
5578 168
5579 168
5580 168
5581 168
5582 168
5583 168
5584 168
5585 168
5586 168
5587 168
5588 168
5589 168
5590 168
5591 168
5592 168
5593 168
5594 168
5595 168
5596 168
5597 168
5598 168
5599 168
5600 168
5601 168
5602 168
5603 168
5604 168
5605 168
5606 168
5607 168
5608 168
5609 168
5610 168
5611 168
5612 168
5613 168
5614 168
5615 168
5616 168
5617 168
5618 168
5619 168
5620 168
5621 168
5622 168
5623 168
5624 168
5625 168
5626 168
5627 168
5628 168
5629 168
5630 168
5631 168
5632 168
5633 168
5634 169
5635 169
5636 169
5637 169
5638 169
5639 169
5640 169
5641 169
5642 169
5643 169
5644 169
5645 169
5646 170
5647 170
5648 170
5649 170
5650 170
5651 170
5652 170
5653 170
5654 170
5655 170
5656 170
5657 170
5658 170
5659 170
5660 170
5661 170
5662 170
5663 170
5664 170
5665 170
5666 170
5667 170
5668 170
5669 170
5670 170
5671 170
5672 170
5673 170
5674 170
5675 170
5676 170
5677 170
5678 170
5679 170
5680 170
5681 170
5682 170
5683 170
5684 170
5685 170
5686 170
5687 170
5688 170
5689 170
5690 170
5691 170
5692 170
5693 170
5694 170
5695 170
5696 170
5697 170
5698 170
5699 170
5700 170
5701 170
5702 170
5703 170
5704 170
5705 170
5706 171
5707 171
5708 171
5709 171
5710 171
5711 171
5712 171
5713 171
5714 171
5715 171
5716 171
5717 171
5718 171
5719 171
5720 171
5721 171
5722 171
5723 171
5724 171
5725 171
5726 171
5727 171
5728 171
5729 171
5730 171
5731 171
5732 171
5733 171
5734 171
5735 171
5736 171
5737 171
5738 171
5739 171
5740 171
5741 171
5742 171
5743 171
5744 171
5745 171
5746 171
5747 171
5748 171
5749 171
5750 171
5751 171
5752 171
5753 171
5754 171
5755 171
5756 171
5757 171
5758 171
5759 171
5760 171
5761 171
5762 171
5763 171
5764 171
5765 171
5766 172
5767 172
5768 172
5769 172
5770 172
5771 172
5772 172
5773 172
5774 172
5775 172
5776 172
5777 172
5778 172
5779 172
5780 172
5781 172
5782 172
5783 172
5784 172
5785 172
5786 172
5787 172
5788 172
5789 172
5790 172
5791 172
5792 172
5793 172
5794 172
5795 172
5796 172
5797 172
5798 172
5799 172
5800 172
5801 172
5802 172
5803 172
5804 172
5805 172
5806 172
5807 172
5808 172
5809 172
5810 172
5811 172
5812 172
5813 172
5814 172
5815 172
5816 172
5817 172
5818 172
5819 172
5820 172
5821 172
5822 172
5823 172
5824 172
5825 172
5826 173
5827 173
5828 173
5829 173
5830 173
5831 173
5832 173
5833 173
5834 173
5835 173
5836 173
5837 173
5838 173
5839 173
5840 173
5841 173
5842 173
5843 173
5844 173
5845 173
5846 173
5847 173
5848 173
5849 173
5850 173
5851 173
5852 173
5853 173
5854 173
5855 173
5856 173
5857 173
5858 173
5859 173
5860 173
5861 173
5862 173
5863 173
5864 173
5865 173
5866 174
5867 174
5868 174
5869 174
5870 174
5871 174
5872 174
5873 174
5874 174
5875 174
5876 174
5877 174
5878 174
5879 174
5880 175
5881 175
5882 175
5883 175
5884 175
5885 175
5886 175
5887 175
5888 175
5889 175
5890 175
5891 175
5892 175
5893 175
5894 175
5895 175
5896 175
5897 175
5898 175
5899 175
5900 175
5901 175
5902 175
5903 175
5904 175
5905 175
5906 175
5907 175
5908 175
5909 175
5910 175
5911 175
5912 175
5913 175
5914 175
5915 175
5916 175
5917 175
5918 175
5919 175
5920 175
5921 175
5922 175
5923 175
5924 175
5925 175
5926 175
5927 175
5928 175
5929 175
5930 175
5931 175
5932 175
5933 175
5934 175
5935 175
5936 175
5937 175
5938 175
5939 175
5940 176
5941 176
5942 176
5943 176
5944 176
5945 176
5946 176
5947 176
5948 176
5949 176
5950 177
5951 177
5952 177
5953 177
5954 177
5955 177
5956 177
5957 177
5958 177
5959 177
5960 177
5961 178
5962 178
5963 178
5964 178
5965 178
5966 178
5967 178
5968 178
5969 178
5970 178
5971 178
5972 178
5973 178
5974 178
5975 178
5976 178
5977 178
5978 178
5979 178
5980 178
5981 178
5982 178
5983 178
5984 178
5985 178
5986 178
5987 179
5988 179
5989 179
5990 179
5991 179
5992 179
5993 179
5994 179
5995 179
5996 179
5997 179
5998 179
5999 179
6000 179
6001 179
6002 179
6003 179
6004 180
6005 180
6006 180
6007 180
6008 180
6009 180
6010 180
6011 180
6012 180
6013 180
6014 180
6015 180
6016 180
6017 180
6018 180
6019 180
6020 180
6021 180
6022 180
6023 180
6024 180
6025 180
6026 180
6027 180
6028 180
6029 180
6030 180
6031 180
6032 180
6033 180
6034 180
6035 180
6036 180
6037 180
6038 180
6039 180
6040 180
6041 180
6042 180
6043 180
6044 180
6045 180
6046 180
6047 180
6048 180
6049 180
6050 180
6051 180
6052 180
6053 181
6054 181
6055 181
6056 181
6057 181
6058 181
6059 181
6060 181
6061 181
6062 181
6063 182
6064 182
6065 182
6066 182
6067 182
6068 182
6069 182
6070 182
6071 182
6072 182
6073 182
6074 182
6075 182
6076 182
6077 182
6078 182
6079 182
6080 182
6081 182
6082 182
6083 182
6084 182
6085 182
6086 182
6087 182
6088 182
6089 182
6090 182
6091 182
6092 182
6093 182
6094 182
6095 182
6096 182
6097 182
6098 182
6099 182
6100 182
6101 182
6102 182
6103 182
6104 182
6105 182
6106 182
6107 182
6108 182
6109 182
6110 182
6111 182
6112 182
6113 182
6114 182
6115 182
6116 182
6117 182
6118 182
6119 182
6120 182
6121 182
6122 182
6123 183
6124 183
6125 183
6126 183
6127 183
6128 183
6129 183
6130 183
6131 183
6132 183
6133 183
6134 183
6135 183
6136 183
6137 183
6138 183
6139 183
6140 183
6141 183
6142 183
6143 183
6144 183
6145 183
6146 183
6147 183
6148 183
6149 183
6150 183
6151 183
6152 183
6153 184
6154 184
6155 184
6156 184
6157 184
6158 184
6159 184
6160 184
6161 184
6162 184
6163 184
6164 184
6165 184
6166 184
6167 184
6168 184
6169 184
6170 184
6171 184
6172 184
6173 184
6174 184
6175 184
6176 184
6177 184
6178 184
6179 184
6180 184
6181 184
6182 184
6183 184
6184 184
6185 184
6186 184
6187 184
6188 184
6189 184
6190 184
6191 184
6192 184
6193 184
6194 184
6195 184
6196 184
6197 184
6198 184
6199 184
6200 184
6201 184
6202 184
6203 184
6204 184
6205 184
6206 184
6207 184
6208 184
6209 184
6210 184
6211 184
6212 184
6213 185
6214 185
6215 185
6216 185
6217 185
6218 185
6219 185
6220 185
6221 185
6222 185
6223 185
6224 185
6225 185
6226 185
6227 185
6228 185
6229 185
6230 185
6231 185
6232 185
6233 185
6234 185
6235 185
6236 185
6237 185
6238 185
6239 185
6240 185
6241 185
6242 185
6243 185
6244 185
6245 185
6246 185
6247 185
6248 185
6249 185
6250 185
6251 185
6252 185
6253 185
6254 185
6255 185
6256 185
6257 185
6258 185
6259 185
6260 185
6261 185
6262 185
6263 185
6264 185
6265 185
6266 185
6267 185
6268 185
6269 185
6270 185
6271 185
6272 185
6273 186
6274 186
6275 186
6276 186
6277 186
6278 186
6279 186
6280 186
6281 186
6282 186
6283 186
6284 186
6285 186
6286 186
6287 186
6288 186
6289 186
6290 186
6291 186
6292 186
6293 186
6294 186
6295 186
6296 186
6297 186
6298 186
6299 186
6300 186
6301 186
6302 186
6303 186
6304 186
6305 186
6306 186
6307 186
6308 186
6309 186
6310 186
6311 186
6312 186
6313 186
6314 186
6315 186
6316 186
6317 186
6318 186
6319 186
6320 186
6321 186
6322 186
6323 186
6324 186
6325 186
6326 186
6327 186
6328 186
6329 186
6330 186
6331 186
6332 186
6333 187
6334 187
6335 187
6336 187
6337 187
6338 187
6339 187
6340 187
6341 187
6342 187
6343 187
6344 187
6345 187
6346 187
6347 187
6348 187
6349 187
6350 187
6351 187
6352 187
6353 187
6354 187
6355 187
6356 187
6357 187
6358 187
6359 187
6360 187
6361 187
6362 187
6363 187
6364 187
6365 187
6366 187
6367 187
6368 187
6369 187
6370 187
6371 187
6372 187
6373 187
6374 187
6375 187
6376 187
6377 187
6378 187
6379 187
6380 187
6381 187
6382 187
6383 187
6384 187
6385 187
6386 187
6387 187
6388 187
6389 187
6390 187
6391 187
6392 187
6393 188
6394 188
6395 188
6396 188
6397 188
6398 188
6399 188
6400 188
6401 188
6402 188
6403 188
6404 188
6405 188
6406 188
6407 188
6408 188
6409 188
6410 189
6411 189
6412 189
6413 189
6414 189
6415 189
6416 189
6417 189
6418 189
6419 189
6420 189
6421 189
6422 189
6423 189
6424 190
6425 190
6426 190
6427 190
6428 190
6429 190
6430 190
6431 190
6432 190
6433 190
6434 190
6435 190
6436 190
6437 190
6438 190
6439 190
6440 190
6441 190
6442 191
6443 191
6444 191
6445 191
6446 191
6447 191
6448 191
6449 191
6450 191
6451 191
6452 191
6453 191
6454 192
6455 192
6456 192
6457 192
6458 192
6459 192
6460 192
6461 192
6462 192
6463 192
6464 192
6465 192
6466 192
6467 192
6468 192
6469 192
6470 192
6471 192
6472 192
6473 192
6474 192
6475 192
6476 192
6477 193
6478 193
6479 193
6480 193
6481 193
6482 193
6483 193
6484 193
6485 193
6486 193
6487 193
6488 194
6489 194
6490 194
6491 194
6492 194
6493 194
6494 194
6495 194
6496 194
6497 194
6498 194
6499 195
6500 195
6501 195
6502 195
6503 195
6504 195
6505 195
6506 195
6507 195
6508 195
6509 195
6510 195
6511 195
6512 195
6513 195
6514 195
6515 195
6516 195
6517 195
6518 195
6519 195
6520 195
6521 195
6522 196
6523 196
6524 196
6525 196
6526 196
6527 196
6528 196
6529 196
6530 196
6531 196
6532 196
6533 196
6534 197
6535 197
6536 197
6537 197
6538 197
6539 197
6540 197
6541 197
6542 197
6543 197
6544 197
6545 197
6546 197
6547 198
6548 198
6549 198
6550 198
6551 198
6552 198
6553 198
6554 198
6555 198
6556 198
6557 198
6558 198
6559 198
6560 198
6561 198
6562 198
6563 198
6564 198
6565 198
6566 198
6567 198
6568 198
6569 198
6570 198
6571 198
6572 198
6573 198
6574 198
6575 198
6576 198
6577 198
6578 198
6579 198
6580 198
6581 198
6582 198
6583 198
6584 198
